SignBridge ISL — MLP Evaluation Report
==================================================
Test Loss     : 0.3842
Test Accuracy : 0.9462

Classification Report
--------------------------------------------------
              precision    recall  f1-score   support

           A     0.9820    0.9478    0.9646       115
           B     0.9238    0.9510    0.9372       102
           C     0.9130    0.9032    0.9081        93
           D     0.9369    0.9204    0.9286       113
           E     0.8846    0.9388    0.9109        49
           F     0.9810    0.9717    0.9763       106
           G     0.9802    0.9706    0.9754       102
           H     0.9375    0.9574    0.9474        94
           I     0.9333    0.9333    0.9333       105
           J     1.0000    0.9318    0.9647        88
           K     0.9394    0.9466    0.9430       131
           L     0.8922    0.9479    0.9192        96
           M     0.8750    0.8842    0.8796        95
           N     0.8381    0.8713    0.8544       101
           O     0.9651    0.9881    0.9765        84
           P     0.9417    0.8981    0.9194       108
           Q     0.9462    0.9462    0.9462        93
           R     0.9391    0.9076    0.9231       119
           S     0.9906    1.0000    0.9953       105
           T     0.9590    0.9141    0.9360       128
           U     0.9326    0.9432    0.9379        88
           V     0.9786    0.9928    0.9856       276
           W     0.9681    0.9579    0.9630        95
           X     0.9588    1.0000    0.9789        93
           Y     0.9703    0.9333    0.9515       105
           Z     0.9524    0.9756    0.9639       123

    accuracy                         0.9462      2807
   macro avg     0.9431    0.9436    0.9431      2807
weighted avg     0.9467    0.9462    0.9462      2807


Confusion Matrix
--------------------------------------------------
[[109   0   0   0   0   0   0   0   0   0   0   1   0   0   0   0   0   0
    1   0   2   0   0   1   1   0]
 [  0  97   0   0   0   0   0   0   0   0   1   1   0   0   1   1   1   0
    0   0   0   0   0   0   0   0]
 [  0   2  84   1   0   0   0   0   0   0   0   3   0   0   0   0   2   0
    0   0   0   0   0   0   0   1]
 [  2   3   1 104   0   0   0   0   0   0   0   0   0   0   0   2   1   0
    0   0   0   0   0   0   0   0]
 [  0   0   0   0  46   0   0   0   1   0   0   1   0   1   0   0   0   0
    0   0   0   0   0   0   0   0]
 [  0   0   0   0   0 103   0   0   1   0   0   0   1   1   0   0   0   0
    0   0   0   0   0   0   0   0]
 [  0   0   0   0   0   0  99   0   0   0   2   0   0   0   0   0   0   0
    0   0   0   0   0   1   0   0]
 [  0   0   0   0   0   0   0  90   0   0   0   0   0   1   0   0   0   3
    0   0   0   0   0   0   0   0]
 [  0   0   0   0   1   0   1   2  98   0   1   0   0   0   0   1   0   0
    0   1   0   0   0   0   0   0]
 [  0   0   0   0   3   0   0   0   0  82   0   1   0   0   0   0   0   0
    0   0   0   1   0   0   1   0]
 [  0   0   0   3   2   0   0   0   0   0 124   0   0   0   0   1   0   0
    0   1   0   0   0   0   0   0]
 [  0   0   1   1   0   1   0   0   1   0   0  91   0   0   0   0   0   0
    0   0   1   0   0   0   0   0]
 [  0   0   0   0   0   0   0   0   0   0   0   0  84   7   0   0   0   2
    0   0   0   0   1   0   0   1]
 [  0   0   0   0   0   0   0   2   0   0   0   0   6  88   0   0   0   1
    0   0   0   4   0   0   0   0]
 [  0   0   0   0   0   0   0   0   0   0   0   0   0   0  83   0   0   0
    0   0   0   0   0   0   1   0]
 [  0   1   1   2   0   0   0   0   1   0   0   0   0   0   0  97   0   0
    0   2   3   0   0   0   0   1]
 [  0   1   2   0   0   0   0   0   1   0   0   0   0   0   1   0  88   0
    0   0   0   0   0   0   0   0]
 [  0   0   0   0   0   0   0   0   1   0   0   0   2   7   1   0   0 108
    0   0   0   0   0   0   0   0]
 [  0   0   0   0   0   0   0   0   0   0   0   0   0   0   0   0   0   0
  105   0   0   0   0   0   0   0]
 [  0   0   2   0   0   0   1   0   1   0   4   0   0   0   0   0   1   0
    0 117   0   0   0   2   0   0]
 [  0   1   0   0   0   0   0   1   0   0   0   0   0   0   0   0   0   0
    0   1  83   0   0   0   0   2]
 [  0   0   0   0   0   0   0   0   0   0   0   1   0   0   0   0   0   0
    0   0   0 274   1   0   0   0]
 [  0   0   0   0   0   0   0   0   0   0   0   0   2   0   0   1   0   1
    0   0   0   0  91   0   0   0]
 [  0   0   0   0   0   0   0   0   0   0   0   0   0   0   0   0   0   0
    0   0   0   0   0  93   0   0]
 [  0   0   0   0   0   1   0   0   0   0   0   2   1   0   0   0   0   0
    0   0   0   1   1   0  98   1]
 [  0   0   1   0   0   0   0   1   0   0   0   1   0   0   0   0   0   0
    0   0   0   0   0   0   0 120]]
